((("dom" .
   [1 0 0])
  ("log-rss" .
   [1 0 0 0 0 0 0])
  ("def" .
   [1 0 0])
  ("%1" .
   [1 0])
  ("gevent/listen" .
   [0 0 0 0 0 0 0 1 0 0 0 0 0])
  (".getResponseXML" .
   [0 0 0 0 1 0 0 0 0 0 0 0 0 0 0])
  ("read-rss" .
   [1 0 0 0 0 0 0 0])
  (".-target" .
   [1 1 0 0 0 0 0 0])
  ("js/alert" .
   [2 0 0 0 0 0 0 0])
  ("js/console" .
   [6 0 0 0 0 0 0 0 0 0])
  (".log" .
   [5 0 0 0])
  ("event/listen" .
   [1 0 0 0 0 0 0 0 0 0 0 0])
  ("url" .
   [2 0 0])
  ("net/xhr-connection" .
   [0 0 0 0 0 1 0 0 0 0 0 0 0 0 0 0 0 0])
  ("print-response" .
   [1 0 0 0 0 0 0 0 0 0 0 0 0 0])
  ("res" .
   [2 0 0])
  (".-responseType" .
   [1 0 0 0 0 0 0 0 0 0 0 0 0 0])
  (":as" .
   [5 0 0])
  ("get-rss" .
   [3 0 0 0 0 0 0])
  ("xhr" .
   [13 0 0])
  ("displat-zenburn-blue-3" .
   [1 0 0 0 0 0 0 0 0 0 0 0 0 0 0 0 0 0 0 0 0 0])
  ("by-id" .
   [7 0 0 0 0])
  ("domina" .
   [1 0 0 0 0 0])
  ("fx" .
   [4 0])
  ("beats-bus" .
   [0 0 0 0 0 2 0 0 0])
  ("org.clojure/clojure" .
   [0 0 0 0 0 0 0 1 0 0 0 0 0 0 0 0 0 0 0])
  ("overtone.core" .
   [1 0 0 0 0 0 0 0 0 0 0 0 0])
  ("mixers" .
   [1 0 0 0 0 0])
  ("fx-freeverb" .
   [1 0 0 0 1 0 1 0 1 0 0])
  (":e3" .
   [2 0 0])
  ("dur" .
   [1 0 0])
  ("FREE" .
   [2 0 0 0])
  (":action" .
   [2 0 0 0 0 0 0])
  ("rq" .
   [1 0])
  ("rlpf-freq" .
   [3 0 0 0 0 0 0 0 0])
  ("line" .
   [1 0 0 0])
  ("rlpf" .
   [1 0 0 0])
  ("src2" .
   [1 0 0 0])
  ("src" .
   [3 0 0])
  ("ds" .
   [12 0])
  (":level" .
   [1 0 0 0 0 0])
  (":content" .
   [8 0 0 0 0 0 0 0])
  ("java.io.StringReader" .
   [1 0 0 0 0 0 0 0 0 0 1 0 0 0 0 0 0 0 0 0])
  ("java.io.InputStreamReader" .
   [0 0 0 0 0 0 0 0 0 0 0 1 0 0 0 0 0 0 0 0 0 0 0 0 0])
  ("java.io.File" .
   [1 0 0 0 0 0 0 0 0 0 0 0])
  ("java.io.Reader" .
   [1 0 0 0 0 0 0 0 0 0 0 0 0 0])
  ("30" .
   [1 0])
  ("13" .
   [1 0])
  ("15" .
   [2 0])
  ("12" .
   [2 0])
  ("24" .
   [3 0])
  ("25" .
   [4 0])
  ("0.75" .
   [1 0 0 0])
  ("0.25" .
   [8 0 0 0])
  ("-0.5" .
   [4 0 0 0])
  ("pan2" .
   [7 0 0 0])
  ("0.2" .
   [16 0 0])
  ("0.0" .
   [4 0 0])
  ("inst-pan!" .
   [2 0 0 0 0 0 0 0 0])
  ("clojure.data.xml" .
   [2 0 0 0 0 0 0 0 0 0 0 0 0 0 0 0])
  ("use" .
   [2 0 0])
  ("scope" .
   [1 0 0 0 0])
  ("10" .
   [4 0])
  ("displat.instruments" .
   [0 0 0 0 0 0 0 0 0 0 0 0 1 0 0 0 0 0 0])
  ("overtone.live" .
   [1 0 0 0 0 0 0 0 0 0 0 0 0])
  (":use" .
   [2 0 0 0])
  ("delay-time" .
   [3 0 0 0 0 0 0 0 0 0])
  (":delay-time" .
   [0 0 0 0 0 0 3 0 0 0 0])
  ("bass-bus" .
   [2 0 0 0 0 0 0 0])
  ("pp-node-tree" .
   [0 0 3 0 2 1 0 4 0 0 0 0])
  ("16" .
   [6 0])
  (":length" .
   [5 0 0 0 0 0 0])
  (":out-bus" .
   [5 0 0 0 1 0 0 2])
  (":e1" .
   [2 0 0])
  (":note" .
   [2 0 0 0 0])
  (":minor" .
   [2 0 0 0 0 0])
  (":scale" .
   [2 0 0 0 0 0])
  ("metro" .
   [7 0 0 0 0])
  ("play" .
   [2 0 0 0])
  ("beat-mixer" .
   [4 0 0 0 0 0 0 0 0 0])
  ("synths" .
   [5 0 0 0 0 0])
  (":vol" .
   [1 0 0 0])
  ("args" .
   [12 0 0 0])
  ("inst-fx!" .
   [1 0 0 0 1 0 5 5])
  ("in" .
   [3 0])
  ("boot-server" .
   [0 0 0 0 0 0 0 1 2 0 0])
  ("definst" .
   [4 0 0 0 0 0 0])
  ("stop" .
   [11 0 0 0])
  ("ctl" .
   [13 0 0])
  ("inst-volume!" .
   [0 0 0 0 0 0 1 2 1 0 0 0])
  ("d-simp" .
   [12 0 0 0 0 0])
  ("node" .
   [2 0 0 0])
  ("inc" .
   [0 0 1])
  ("echo" .
   [5 0 0 0])
  ("audio-bus" .
   [0 0 0 0 0 0 0 0 1])
  ("melody" .
   [1 0 0 0 0 0])
  ("volume" .
   [4 0 0 0 0 0])
  (":id" .
   [6 0 0])
  (":amp" .
   [3 0 0 0])
  (":synth-params" .
   [1 0 0 0 0 0 2 0 0 0 1 0 0])
  ("pattern" .
   [2 0 0 0 0 0 0])
  ("0.4" .
   [3 0 0])
  (":detune-amp" .
   [0 0 0 0 1 0 1 0 0 0 0])
  ("0.7" .
   [3 0 0])
  ("0.6" .
   [2 0 0])
  ("bass*" .
   [3 0 0 0 0])
  (":rq" .
   [1 0 0])
  ("500" .
   [1 0 0])
  ("0.5" .
   [42 0 0])
  ("mouse-" .
   [0 0 0 0 0 1])
  ("demo" .
   [2 0 0 0])
  ("in:ar" .
   [1 0 0 0 0])
  ("out" .
   [3 0 0])
  ("length" .
   [2 0 0 0 0 0])
  (":bar-length" .
   [0 0 0 0 3 0 0 0 0 0 0])
  ("melody-bus" .
   [1 0 0 0 0 0 0 0 0 0])
  (":tgt" .
   [5 0 0 0])
  ("group" .
   [4 0 0 0 0])
  (":tail" .
   [2 0 0 0 0])
  ("foundation-default-group" .
   [1 0 0 0 0 0 0 1 0 0 0 0 0 1 0 0 0 0 0 0 0 0 0 0])
  (":head" .
   [5 0 0 0 0])
  ("fx-group" .
   [3 0 0 0 0 0 0 0])
  ("synth-group" .
   [5 0 0 0 0 0 0 0 0 0 0])
  ("group-clear" .
   [1 0 0 0 0 0 0 0 0 0 0])
  ("displat-2-main" .
   [0 0 0 0 0 0 0 0 0 1 0 0 0 0])
  ("main-group" .
   [2 0 0 0 0 0 0 0 0 0])
  ("kill-server" .
   [2 0 0 0 0 0 0 0 0 0 0])
  ("start" .
   [1 0 0 0 0])
  ("boot-internal-server" .
   [0 0 0 0 0 0 0 1 0 0 0 0 0 0 0 0 0 0 0 0])
  ("patterns*" .
   [1 0 0 0 0 1 0 0 0])
  ("clear-" .
   [0 0 0 0 0 1])
  ("pp" .
   [1 0])
  ("d-simp-echo" .
   [3 0 0 0 0 0 0 0 0 0 0])
  ("inst?" .
   [0 0 0 0 2])
  ("fx-echo" .
   [5 0 0 0 1 0 0])
  (":decay-time" .
   [0 0 0 0 0 1 1 0 0 0 0])
  ("0.8" .
   [2 0 0])
  ("d-pa" .
   [1 0 0 0])
  ("d-player" .
   [1 0 0 0 0 0 0 0])
  ("melody*" .
   [1 0 0 0 0 0 0])
  ("bar-dur*" .
   [1 0 0 0 0 0 0 0])
  ("doc" .
   [0 0 2])
  ("pat" .
   [1 0 0])
  ("patterns" .
   [1 0 0 0 0 0 0 0])
  ("open-hat" .
   [4 0 0 0 3 0 0 0])
  ("update-pat!" .
   [1 0 0 0 0 0 0 0 0 0 0])
  (":oh" .
   [1 0 0])
  ("closed-hat" .
   [0 0 0 0 0 0 0 0 0 3])
  ("dd" .
   [1 0])
  ("feed-url" .
   [1 0 0 0 0 0 0 0])
  ("feed" .
   [6 0 0 0])
  ("parse" .
   [4 0 0 0 0])
  ("parsed" .
   [3 0 0 0 0 0])
  ("0.1" .
   [8 0 0])
  ("0.001" .
   [3 0 0 0 0])
  ("300" .
   [1 0 0])
  ("xz/xml->" .
   [6 0 0 1 0 0 0 1])
  ("xz/tag=" .
   [0 0 0 0 0 0 1])
  ("xz/text" .
   [15 0 0 1 0 1 0])
  ("xz/xml1->" .
   [1 0 0 1 0 0 1 1 2])
  ("text" .
   [2 0 0 0])
  ("xz/attr" .
   [5 0 0 0 0 0 0])
  ("data" .
   [4 0 0 0])
  ("zip" .
   [2 0 0])
  ("xml/parse" .
   [1 0 0 0 0 0 0 0 0])
  ("rss" .
   [16 0 0])
  ("channel" .
   [1 0 0 0 0 0 0])
  ("xml" .
   [3 0 0])
  ("zip/children" .
   [0 0 0 0 0 0 1 2 1 0 0 0])
  ("zipper" .
   [4 0 0 0 0 0])
  ("z-children" .
   [1 0 0 0 0 1 0 0 0 0])
  ("clojure.data.zip.xml" .
   [1 0 0 0 0 0 0 0 0 0 0 0 0 0 0 0 0 0 0 0])
  ("xz/text=" .
   [1 0 0 0 0 0 0 0])
  (":item" .
   [1 0 0 0 0])
  ("ch-bus" .
   [4 0 0 3 1 0])
  ("d-mixer" .
   [10 0 0 0 0 0 0])
  ("ch-mixer" .
   [1 0 0 0 0 0 0 0])
  ("0.01" .
   [3 0 0 0])
  ("0.002" .
   [1 0 0 0 0])
  ("0.05" .
   [2 0 0 0])
  ("0.3" .
   [1 0 0])
  ("fx-chorus" .
   [3 0 0 0 0 0 1 0 0])
  ("mono-player" .
   [0 0 0 0 0 0 0 0 1 0 0])
  ("s-clap" .
   [2 0 0 0 0 0])
  ("s-kick" .
   [1 0 0 0 0 0])
  ("clap" .
   [12 0 0 0])
  ("clear-fx" .
   [6 0 0 0 0 0 0 0])
  ("closed-hat2" .
   [3 0 0 0 0 0 2 0 0 0 0])
  ("ch-chorus" .
   [2 0 0 0 0 0 0 0 0])
  (":rate" .
   [1 0 0 0 0])
  ("ch-verb" .
   [2 0 0 0 0 0 0])
  (":wet-dry" .
   [2 0 0 0 1 0 0 0])
  (":room-size" .
   [1 0 0 0 0 2 0 0 0 0])
  (":dampening" .
   [2 0 0 0 1 0 0 0 0 0])
  ("20" .
   [2 0])
  ("100" .
   [2 0 0])
  ("oh-verb" .
   [1 0 1 0 0 0 0])
  ("oh-chorus" .
   [1 0 0 0 0 0 0 0 0])
  ("clap-chorus" .
   [1 0 0 0 0 0 0 0 0 0 0])
  ("quantity" .
   [2 0 0 0 0 0 0 0])
  ("value" .
   [4 0 0 0 0])
  ("price" .
   [2 0 0 0 0])
  ("tax" .
   [2 0 0])
  ("discount" .
   [2 0 0 0 0 0 0 0])
  ("set-value!" .
   [1 0 0 0 0 0 0 0 0 0])
  ("false" .
   [1 0 0 0 0])
  ("init" .
   [2 0 0 0])
  ("if" .
   [1 0])
  ("an" .
   [1 0])
  ("js/document" .
   [2 0 0 0 0 1 0 0 0 0 0])
  ("theForm" .
   [1 0 0 0 0 0 0])
  ("calculate" .
   [1 0 0 0 0 0 0 0 0])
  ("set!" .
   [1 0 0 0])
  ("js/window" .
   [1 0 0 0 0 0 0 0 0])
  ("script" .
   [1 0 0 0 0 0])
  ("modern_cljs.login.init" .
   [0 0 0 0 0 0 0 0 0 0 0 1 0 0 0 0 0 0 0 0 0 0])
  ("/script" .
   [1 0 0 0 0 0 0])))
